1.000000000000000000e+00 1.000000000000000000e+00 1.000000000000000000e+00 1.000000000000000000e+00 1.000000000000000000e+00 0.000000000000000000e+00 0.000000000000000000e+00 9.981538107448739705e-01 1.099249823229367706e+00 1.006291344809735255e+00 2.084155485141901132e-01 3.362212940975817244e-02 -5.992469646624354329e-01 0.000000000000000000e+00
1.000000000000000000e+00 1.000000000000000000e+00 1.000000000000000000e+00 1.000000000000000000e+00 1.000000000000000000e+00 0.000000000000000000e+00 0.000000000000000000e+00 9.907699882929191793e-01 1.090422411759267352e+00 9.991681226240645142e-01 3.111389032458359294e-01 6.065519441842659454e-02 -4.099913490625425316e-01 0.000000000000000000e+00
1.000000000000000000e+00 1.000000000000000000e+00 1.000000000000000000e+00 1.000000000000000000e+00 1.000000000000000000e+00 0.000000000000000000e+00 0.000000000000000000e+00 9.899127968640776265e-01 9.581132335276091316e-01 9.905812708734652583e-01 9.227541053312293684e-01 4.302264051287174595e-02 -4.155676238152206103e-02 0.000000000000000000e+00
1.000000000000000000e+00 1.000000000000000000e+00 1.000000000000000000e+00 1.000000000000000000e+00 1.000000000000000000e+00 0.000000000000000000e+00 0.000000000000000000e+00 9.987267938060055972e-01 1.227943614755657942e+00 9.999607515452881845e-01 6.468914829928080756e-01 1.646272242385239393e-01 -2.150466823262235372e-01 0.000000000000000000e+00
1.000000000000000000e+00 1.000000000000000000e+00 1.000000000000000000e+00 1.000000000000000000e+00 1.000000000000000000e+00 0.000000000000000000e+00 0.000000000000000000e+00 1.001478974560429558e+00 1.001961738401633273e+00 1.001213630220817885e+00 9.337289379707630621e-01 5.180202353034513152e-02 -4.278885975644663997e-02 0.000000000000000000e+00
1.000000000000000000e+00 1.000000000000000000e+00 1.000000000000000000e+00 1.000000000000000000e+00 1.000000000000000000e+00 0.000000000000000000e+00 0.000000000000000000e+00 1.000656808754071037e+00 1.120755605957544532e+00 1.007704608065262963e+00 2.028154490934666876e-01 3.576965731778103397e-02 -5.784852722030737748e-01 0.000000000000000000e+00
1.000000000000000000e+00 1.000000000000000000e+00 1.000000000000000000e+00 1.000000000000000000e+00 1.000000000000000000e+00 0.000000000000000000e+00 0.000000000000000000e+00 9.753637217658099878e-01 9.299816102332105761e-01 9.760151754019465997e-01 9.098727657373252287e-01 4.024302788376821205e-02 -2.787169485090146281e-02 0.000000000000000000e+00
1.000000000000000000e+00 1.000000000000000000e+00 1.000000000000000000e+00 1.000000000000000000e+00 1.000000000000000000e+00 0.000000000000000000e+00 0.000000000000000000e+00 9.980396364737824655e-01 1.148193267557457320e+00 1.004707452437067383e+00 2.426050167421062720e-01 5.187244270174251604e-02 -5.639629174057771976e-01 0.000000000000000000e+00
1.000000000000000000e+00 1.000000000000000000e+00 1.000000000000000000e+00 1.000000000000000000e+00 1.000000000000000000e+00 0.000000000000000000e+00 0.000000000000000000e+00 1.008574727372937740e+00 1.066756069705758980e+00 1.013521671307583194e+00 4.899838752805755759e-01 7.193132912719824024e-02 -2.579635253373409598e-01 0.000000000000000000e+00
1.000000000000000000e+00 1.000000000000000000e+00 1.000000000000000000e+00 1.000000000000000000e+00 1.000000000000000000e+00 0.000000000000000000e+00 0.000000000000000000e+00 1.016925495804804847e+00 1.120739817895361368e+00 1.022993028548755179e+00 2.252958889857805402e-01 3.903979027441195626e-02 -5.780266340704034445e-01 0.000000000000000000e+00
1.000000000000000000e+00 1.000000000000000000e+00 1.000000000000000000e+00 1.000000000000000000e+00 1.000000000000000000e+00 0.000000000000000000e+00 0.000000000000000000e+00 1.008966920713747717e+00 1.068961754298630495e+00 1.015921919388484973e+00 4.684517139063243962e-01 5.873500369558770640e-02 -2.640392519803810845e-01 0.000000000000000000e+00
1.000000000000000000e+00 1.000000000000000000e+00 1.000000000000000000e+00 1.000000000000000000e+00 1.000000000000000000e+00 0.000000000000000000e+00 0.000000000000000000e+00 9.898132493506457408e-01 1.071102383831487037e+00 9.883452332618236635e-01 9.364666567954834653e-01 6.897953773117093679e-02 -5.335533868833830518e-02 0.000000000000000000e+00
1.000000000000000000e+00 1.000000000000000000e+00 1.000000000000000000e+00 1.000000000000000000e+00 1.000000000000000000e+00 0.000000000000000000e+00 0.000000000000000000e+00 9.948262239482043023e-01 1.128976968715227125e+00 1.000268854061534762e+00 2.484719890799590158e-01 5.494951502735268001e-02 -5.684121274673286095e-01 0.000000000000000000e+00
1.000000000000000000e+00 1.000000000000000000e+00 1.000000000000000000e+00 1.000000000000000000e+00 1.000000000000000000e+00 0.000000000000000000e+00 0.000000000000000000e+00 1.003249966821604611e+00 1.076931996777933831e+00 1.010108032103351539e+00 1.738076238631871551e-01 3.167262532820247500e-02 -5.748872408774085008e-01 0.000000000000000000e+00
1.000000000000000000e+00 1.000000000000000000e+00 1.000000000000000000e+00 1.000000000000000000e+00 1.000000000000000000e+00 0.000000000000000000e+00 0.000000000000000000e+00 9.901726656421484529e-01 9.918421005805392321e-01 9.909382609684329601e-01 9.225023414467550253e-01 4.522460503987757452e-02 -6.362031962579728361e-02 0.000000000000000000e+00
1.000000000000000000e+00 1.000000000000000000e+00 1.000000000000000000e+00 1.000000000000000000e+00 1.000000000000000000e+00 0.000000000000000000e+00 0.000000000000000000e+00 9.974938557336623379e-01 1.069746437498936054e+00 9.975003872582658415e-01 9.618063158467747842e-01 4.053091915031392656e-02 -3.655779899172850733e-02 0.000000000000000000e+00
1.000000000000000000e+00 1.000000000000000000e+00 1.000000000000000000e+00 1.000000000000000000e+00 1.000000000000000000e+00 0.000000000000000000e+00 0.000000000000000000e+00 9.953272088649500748e-01 1.085515241624125382e+00 9.940604250097617722e-01 9.687887614371962774e-01 6.074542535777527341e-02 -4.696377961047915051e-02 0.000000000000000000e+00
1.000000000000000000e+00 1.000000000000000000e+00 1.000000000000000000e+00 1.000000000000000000e+00 1.000000000000000000e+00 0.000000000000000000e+00 0.000000000000000000e+00 1.013191218439561725e+00 1.185166590518243135e+00 1.019908701620840352e+00 2.758108110515185563e-01 4.905204876305446771e-02 -6.039827812971589882e-01 0.000000000000000000e+00
1.000000000000000000e+00 1.000000000000000000e+00 1.000000000000000000e+00 1.000000000000000000e+00 1.000000000000000000e+00 0.000000000000000000e+00 0.000000000000000000e+00 9.951332270049547679e-01 9.678326552523422999e-01 9.967649119972057381e-01 9.046583288413198032e-01 3.583343806659222697e-02 -6.251148352205992964e-02 0.000000000000000000e+00
1.000000000000000000e+00 1.000000000000000000e+00 1.000000000000000000e+00 1.000000000000000000e+00 1.000000000000000000e+00 0.000000000000000000e+00 0.000000000000000000e+00 1.012870676487079180e+00 1.162417659486431276e+00 1.017852502883074717e+00 2.201232955096145416e-01 4.385246248559926396e-02 -5.850496020164102084e-01 0.000000000000000000e+00
1.000000000000000000e+00 1.000000000000000000e+00 1.000000000000000000e+00 1.000000000000000000e+00 1.000000000000000000e+00 0.000000000000000000e+00 0.000000000000000000e+00 1.010317641881058881e+00 1.158764350945393096e+00 1.015512521582175864e+00 2.223565201370787947e-01 4.940424088772232825e-02 -5.643157410700223586e-01 0.000000000000000000e+00
1.000000000000000000e+00 1.000000000000000000e+00 1.000000000000000000e+00 1.000000000000000000e+00 1.000000000000000000e+00 0.000000000000000000e+00 0.000000000000000000e+00 9.971351200120472935e-01 1.132306662771396688e+00 9.956611104695302084e-01 1.012030975655748843e+00 6.544326990196169813e-02 -3.717154002170186544e-02 0.000000000000000000e+00
1.000000000000000000e+00 1.000000000000000000e+00 1.000000000000000000e+00 1.000000000000000000e+00 1.000000000000000000e+00 0.000000000000000000e+00 0.000000000000000000e+00 9.869324749481833692e-01 9.834908050339500329e-01 9.878531288331127147e-01 9.083845644894154026e-01 2.376673514502736229e-02 -5.300182129997166314e-02 0.000000000000000000e+00
1.000000000000000000e+00 1.000000000000000000e+00 1.000000000000000000e+00 1.000000000000000000e+00 1.000000000000000000e+00 0.000000000000000000e+00 0.000000000000000000e+00 9.911854205801049478e-01 1.097296421078960194e+00 9.953840937920894749e-01 5.000161407312997408e-01 6.792093503436391622e-02 -2.828740827560208837e-01 0.000000000000000000e+00
1.000000000000000000e+00 1.000000000000000000e+00 1.000000000000000000e+00 1.000000000000000000e+00 1.000000000000000000e+00 0.000000000000000000e+00 0.000000000000000000e+00 9.947573422627771222e-01 9.777647784134464448e-01 9.945650992809282886e-01 9.711161214381747175e-01 4.582124569289613980e-02 5.017000311401498269e-02 0.000000000000000000e+00
1.000000000000000000e+00 1.000000000000000000e+00 1.000000000000000000e+00 1.000000000000000000e+00 1.000000000000000000e+00 0.000000000000000000e+00 0.000000000000000000e+00 9.840653259308561607e-01 1.066977244450902473e+00 9.901741927785808750e-01 2.581436893951152278e-01 4.626122661376508294e-02 -5.703544052178601831e-01 0.000000000000000000e+00
1.000000000000000000e+00 1.000000000000000000e+00 1.000000000000000000e+00 1.000000000000000000e+00 1.000000000000000000e+00 0.000000000000000000e+00 0.000000000000000000e+00 9.738480811110190594e-01 9.114219341244398365e-01 9.750217075899111352e-01 9.112414789137470716e-01 3.869424111483743545e-02 -4.603886175144744630e-02 0.000000000000000000e+00
1.000000000000000000e+00 1.000000000000000000e+00 1.000000000000000000e+00 1.000000000000000000e+00 1.000000000000000000e+00 0.000000000000000000e+00 0.000000000000000000e+00 9.861687875145638271e-01 1.009293059020054173e+00 9.870680485554954586e-01 9.165094363878472095e-01 4.542628003063620135e-02 -4.978237384612871352e-02 0.000000000000000000e+00
1.000000000000000000e+00 1.000000000000000000e+00 1.000000000000000000e+00 1.000000000000000000e+00 1.000000000000000000e+00 0.000000000000000000e+00 0.000000000000000000e+00 9.851066583429558543e-01 9.391431875464117951e-01 9.869386505415479460e-01 9.094143638545681974e-01 2.763252464430954181e-02 -6.816037786510287244e-02 0.000000000000000000e+00
1.000000000000000000e+00 1.000000000000000000e+00 1.000000000000000000e+00 1.000000000000000000e+00 1.000000000000000000e+00 0.000000000000000000e+00 0.000000000000000000e+00 1.002345471068561977e+00 1.054750795171194744e+00 1.006909240538477857e+00 5.227845016089063268e-01 5.138347657035768901e-02 -2.343787535046368831e-01 0.000000000000000000e+00
1.000000000000000000e+00 1.000000000000000000e+00 1.000000000000000000e+00 1.000000000000000000e+00 1.000000000000000000e+00 0.000000000000000000e+00 0.000000000000000000e+00 1.008442377124397771e+00 1.093844856358115791e+00 1.012317762620401629e+00 4.576498966097145571e-01 6.918290200528509626e-02 -2.770503055788587354e-01 0.000000000000000000e+00
1.000000000000000000e+00 1.000000000000000000e+00 1.000000000000000000e+00 1.000000000000000000e+00 1.000000000000000000e+00 0.000000000000000000e+00 0.000000000000000000e+00 1.003927699699036502e+00 9.730616884733749306e-01 1.006095951777779218e+00 8.959622929656545498e-01 2.152981992633073993e-02 -3.866206812505523782e-02 0.000000000000000000e+00
1.000000000000000000e+00 1.000000000000000000e+00 1.000000000000000000e+00 1.000000000000000000e+00 1.000000000000000000e+00 0.000000000000000000e+00 0.000000000000000000e+00 9.911496863561823911e-01 8.739495057968053038e-01 9.900462168633215043e-01 9.527051274547709836e-01 1.640063863961827018e-02 7.435200403388708690e-02 0.000000000000000000e+00
1.000000000000000000e+00 1.000000000000000000e+00 1.000000000000000000e+00 1.000000000000000000e+00 1.000000000000000000e+00 0.000000000000000000e+00 0.000000000000000000e+00 9.871942038777860029e-01 9.619284024339285200e-01 9.857202239707272273e-01 9.371891718690235074e-01 4.564513397702063546e-02 1.025427428347536196e-02 0.000000000000000000e+00
1.000000000000000000e+00 1.000000000000000000e+00 1.000000000000000000e+00 1.000000000000000000e+00 1.000000000000000000e+00 0.000000000000000000e+00 0.000000000000000000e+00 1.002857958442322284e+00 1.061479032563801050e+00 9.996367002784802835e-01 9.185026761900192405e-01 3.902280575938577023e-02 -1.435715302801532367e-02 0.000000000000000000e+00
1.000000000000000000e+00 1.000000000000000000e+00 1.000000000000000000e+00 1.000000000000000000e+00 1.000000000000000000e+00 0.000000000000000000e+00 0.000000000000000000e+00 1.000047938098336253e+00 1.006778895927261441e+00 9.984226203841158886e-01 8.807061586252036278e-01 2.476500009427162752e-02 -3.479000643209340105e-02 0.000000000000000000e+00
1.000000000000000000e+00 1.000000000000000000e+00 1.000000000000000000e+00 1.000000000000000000e+00 1.000000000000000000e+00 0.000000000000000000e+00 0.000000000000000000e+00 1.007168665881033709e+00 1.003289627378287419e+00 1.006976809422546193e+00 1.024334025090844147e+00 2.243340074953847907e-02 2.537816218137112223e-02 0.000000000000000000e+00
1.000000000000000000e+00 1.000000000000000000e+00 1.000000000000000000e+00 1.000000000000000000e+00 1.000000000000000000e+00 0.000000000000000000e+00 0.000000000000000000e+00 1.010612973678881810e+00 1.137271062685057066e+00 1.018731682771769176e+00 2.353439045576194155e-01 3.871600637122551980e-02 -6.208577247608124683e-01 0.000000000000000000e+00
1.000000000000000000e+00 1.000000000000000000e+00 1.000000000000000000e+00 1.000000000000000000e+00 1.000000000000000000e+00 0.000000000000000000e+00 0.000000000000000000e+00 1.007580499994551904e+00 1.206314468661507933e+00 1.016179570680309174e+00 2.028533192364820048e-01 4.579883211019086797e-02 -7.149851078895743672e-01 0.000000000000000000e+00
1.000000000000000000e+00 1.000000000000000000e+00 1.000000000000000000e+00 1.000000000000000000e+00 1.000000000000000000e+00 0.000000000000000000e+00 0.000000000000000000e+00 1.014606020573910028e+00 1.206894683300181237e+00 1.024182031596895470e+00 2.302921567917169399e-01 4.651658967712857251e-02 -7.150140994067526456e-01 0.000000000000000000e+00
1.000000000000000000e+00 1.000000000000000000e+00 1.000000000000000000e+00 1.000000000000000000e+00 1.000000000000000000e+00 0.000000000000000000e+00 0.000000000000000000e+00 1.005967897536616640e+00 1.033721285354937347e+00 1.010795991762175383e+00 4.662691630951469324e-01 5.214106848611199663e-02 -2.302431314727422240e-01 0.000000000000000000e+00
1.000000000000000000e+00 1.000000000000000000e+00 1.000000000000000000e+00 1.000000000000000000e+00 1.000000000000000000e+00 0.000000000000000000e+00 0.000000000000000000e+00 1.002345471068561977e+00 1.054750795171194744e+00 1.006909240538477857e+00 5.227845016089063268e-01 5.138347657035768901e-02 -2.343787535046368831e-01 0.000000000000000000e+00
1.000000000000000000e+00 1.000000000000000000e+00 1.000000000000000000e+00 1.000000000000000000e+00 1.000000000000000000e+00 0.000000000000000000e+00 0.000000000000000000e+00 1.008442377124397771e+00 1.093844856358115791e+00 1.012317762620401629e+00 4.576498966097145571e-01 6.918290200528509626e-02 -2.770503055788587354e-01 0.000000000000000000e+00
1.000000000000000000e+00 1.000000000000000000e+00 1.000000000000000000e+00 1.000000000000000000e+00 1.000000000000000000e+00 0.000000000000000000e+00 0.000000000000000000e+00 1.003927699699036502e+00 9.730616884733749306e-01 1.006095951777779218e+00 8.959622929656545498e-01 2.152981992633073993e-02 -3.866206812505523782e-02 0.000000000000000000e+00
1.000000000000000000e+00 1.000000000000000000e+00 1.000000000000000000e+00 1.000000000000000000e+00 1.000000000000000000e+00 0.000000000000000000e+00 0.000000000000000000e+00 1.005884692685476312e+00 9.379917582947275845e-01 1.005822839539169733e+00 8.674585856309976473e-01 1.207168170904515669e-02 -5.652786325678182955e-02 0.000000000000000000e+00
1.000000000000000000e+00 1.000000000000000000e+00 1.000000000000000000e+00 1.000000000000000000e+00 1.000000000000000000e+00 0.000000000000000000e+00 0.000000000000000000e+00 9.963081736250188891e-01 8.363280221242307411e-01 9.977287856884062833e-01 9.700853065965251432e-01 2.690545026950863505e-02 7.368122916521535615e-02 0.000000000000000000e+00
1.000000000000000000e+00 1.000000000000000000e+00 1.000000000000000000e+00 1.000000000000000000e+00 1.000000000000000000e+00 0.000000000000000000e+00 0.000000000000000000e+00 9.939271023076209355e-01 8.958495064080151948e-01 9.949275615758292890e-01 9.236810482425488189e-01 5.455273423260087462e-02 -3.195713342867623208e-02 0.000000000000000000e+00
1.000000000000000000e+00 1.000000000000000000e+00 1.000000000000000000e+00 1.000000000000000000e+00 1.000000000000000000e+00 0.000000000000000000e+00 0.000000000000000000e+00 1.004826002241460570e+00 9.576456381956138797e-01 1.005901455568357639e+00 9.254396070186886591e-01 3.954279228015611380e-02 -6.697334864354820283e-02 0.000000000000000000e+00
1.000000000000000000e+00 1.000000000000000000e+00 1.000000000000000000e+00 1.000000000000000000e+00 1.000000000000000000e+00 0.000000000000000000e+00 0.000000000000000000e+00 1.004642099871726701e+00 9.948003721629339324e-01 1.004752090690046673e+00 8.525717997603936560e-01 3.777826044778176406e-02 -5.266786341784535086e-02 0.000000000000000000e+00
1.000000000000000000e+00 1.000000000000000000e+00 1.000000000000000000e+00 1.000000000000000000e+00 1.000000000000000000e+00 0.000000000000000000e+00 0.000000000000000000e+00 1.002989091758069939e+00 1.024884950681617557e+00 1.001740354778561715e+00 8.309654985443949426e-01 2.953847449699043004e-02 -6.203142697006780448e-02 0.000000000000000000e+00
1.000000000000000000e+00 1.000000000000000000e+00 1.000000000000000000e+00 1.000000000000000000e+00 1.000000000000000000e+00 0.000000000000000000e+00 0.000000000000000000e+00 9.970007206607077732e-01 1.002972830004758009e+00 9.960827998916169657e-01 9.761041330912886282e-01 4.449200888984305990e-02 2.412185217676154902e-02 0.000000000000000000e+00
1.000000000000000000e+00 1.000000000000000000e+00 1.000000000000000000e+00 1.000000000000000000e+00 1.000000000000000000e+00 0.000000000000000000e+00 0.000000000000000000e+00 1.008688520026298274e+00 1.025740126702366917e+00 1.008192487768629908e+00 8.892552890134513000e-01 2.480396161792086662e-02 -5.357487706477614964e-02 0.000000000000000000e+00
1.000000000000000000e+00 1.000000000000000000e+00 1.000000000000000000e+00 1.000000000000000000e+00 1.000000000000000000e+00 0.000000000000000000e+00 0.000000000000000000e+00 1.004357973157192774e+00 1.013777967141729963e+00 1.003393061391513852e+00 9.983634703102670649e-01 4.581147927686990418e-02 4.909776294673162678e-02 0.000000000000000000e+00
1.000000000000000000e+00 1.000000000000000000e+00 1.000000000000000000e+00 1.000000000000000000e+00 1.000000000000000000e+00 0.000000000000000000e+00 0.000000000000000000e+00 1.008463245776598960e+00 1.015346575934413575e+00 1.006670183211268776e+00 9.792790530339338106e-01 5.362211150967954865e-02 3.805075699593629679e-02 0.000000000000000000e+00
1.000000000000000000e+00 1.000000000000000000e+00 1.000000000000000000e+00 1.000000000000000000e+00 1.000000000000000000e+00 0.000000000000000000e+00 0.000000000000000000e+00 9.976111732526131703e-01 1.150289143491909138e+00 1.003928036391399825e+00 2.086296404011308836e-01 4.061255720250955825e-02 -6.264261413083066499e-01 0.000000000000000000e+00
1.000000000000000000e+00 1.000000000000000000e+00 1.000000000000000000e+00 1.000000000000000000e+00 1.000000000000000000e+00 0.000000000000000000e+00 0.000000000000000000e+00 9.908611369267872337e-01 1.098434928085192830e+00 9.990667210336001691e-01 2.948936073270158054e-01 6.602720140536710858e-02 -3.836800745749606723e-01 0.000000000000000000e+00
1.000000000000000000e+00 1.000000000000000000e+00 1.000000000000000000e+00 1.000000000000000000e+00 1.000000000000000000e+00 0.000000000000000000e+00 0.000000000000000000e+00 9.999986510078349156e-01 1.059873253040414909e+00 9.998011828228041686e-01 9.538670135504113690e-01 4.759482768301104283e-02 -2.284548525336915770e-02 0.000000000000000000e+00
1.000000000000000000e+00 1.000000000000000000e+00 1.000000000000000000e+00 1.000000000000000000e+00 1.000000000000000000e+00 0.000000000000000000e+00 0.000000000000000000e+00 9.973092418124104297e-01 1.087407484859785001e+00 1.006097851027095702e+00 1.988814355775795906e-01 3.139329470810592326e-02 -5.751678019850733348e-01 0.000000000000000000e+00
1.000000000000000000e+00 1.000000000000000000e+00 1.000000000000000000e+00 1.000000000000000000e+00 1.000000000000000000e+00 0.000000000000000000e+00 0.000000000000000000e+00 1.002238166284781906e+00 1.135366287074835556e+00 1.008304738357064467e+00 2.648802216459844039e-01 6.544325110469617623e-02 -4.177345508520041162e-01 0.000000000000000000e+00
1.000000000000000000e+00 1.000000000000000000e+00 1.000000000000000000e+00 1.000000000000000000e+00 1.000000000000000000e+00 0.000000000000000000e+00 0.000000000000000000e+00 1.007973205246939896e+00 1.139077822201167489e+00 1.015198261621883979e+00 2.021407381763014877e-01 3.753179220021851670e-02 -5.765874108810021825e-01 0.000000000000000000e+00
1.000000000000000000e+00 1.000000000000000000e+00 1.000000000000000000e+00 1.000000000000000000e+00 1.000000000000000000e+00 0.000000000000000000e+00 0.000000000000000000e+00 9.933157499566869220e-01 1.090986263015797375e+00 1.001075346262409571e+00 1.807815190322318577e-01 3.139161249514721419e-02 -5.787158485609182890e-01 0.000000000000000000e+00
1.000000000000000000e+00 1.000000000000000000e+00 1.000000000000000000e+00 1.000000000000000000e+00 1.000000000000000000e+00 0.000000000000000000e+00 0.000000000000000000e+00 9.969353942053258422e-01 1.103539570193073471e+00 1.004449361143742614e+00 2.027693096328384015e-01 3.539722310688431239e-02 -5.689681603828395939e-01 0.000000000000000000e+00
1.000000000000000000e+00 1.000000000000000000e+00 1.000000000000000000e+00 1.000000000000000000e+00 1.000000000000000000e+00 0.000000000000000000e+00 0.000000000000000000e+00 1.000062944469660708e+00 1.112096118482837959e+00 1.007001210067084207e+00 1.787787880172654609e-01 3.381550222872986566e-02 -5.751935977702087310e-01 0.000000000000000000e+00
1.000000000000000000e+00 1.000000000000000000e+00 1.000000000000000000e+00 1.000000000000000000e+00 1.000000000000000000e+00 0.000000000000000000e+00 0.000000000000000000e+00 9.908303843542277667e-01 1.057543800573218729e+00 9.999861002147175659e-01 3.074962644121154165e-01 6.536564176888104427e-02 -3.599804658860281115e-01 0.000000000000000000e+00
1.000000000000000000e+00 1.000000000000000000e+00 1.000000000000000000e+00 1.000000000000000000e+00 1.000000000000000000e+00 0.000000000000000000e+00 0.000000000000000000e+00 1.012736592836819716e+00 1.105917270187410484e+00 1.016992047113120412e+00 1.959236418792323353e-01 4.533180553849169847e-02 -5.724832457396551444e-01 0.000000000000000000e+00
1.000000000000000000e+00 1.000000000000000000e+00 1.000000000000000000e+00 1.000000000000000000e+00 1.000000000000000000e+00 0.000000000000000000e+00 0.000000000000000000e+00 9.996102695934053761e-01 1.056010510244481448e+00 9.990042301354773446e-01 9.197960639827461593e-01 3.936322414880233378e-02 -4.609133600053660906e-02 0.000000000000000000e+00
1.000000000000000000e+00 1.000000000000000000e+00 1.000000000000000000e+00 1.000000000000000000e+00 1.000000000000000000e+00 0.000000000000000000e+00 0.000000000000000000e+00 9.950349659869875962e-01 9.394878277451447213e-01 9.959106692285439877e-01 9.787605043957620099e-01 4.839425061291213748e-02 5.941192636938197325e-02 0.000000000000000000e+00
1.000000000000000000e+00 1.000000000000000000e+00 1.000000000000000000e+00 1.000000000000000000e+00 1.000000000000000000e+00 0.000000000000000000e+00 0.000000000000000000e+00 9.881494180052835530e-01 9.598193699888943886e-01 9.886681400574621748e-01 9.429814927007379444e-01 3.835845012221361650e-02 -4.403948570063387358e-02 0.000000000000000000e+00
1.000000000000000000e+00 1.000000000000000000e+00 1.000000000000000000e+00 1.000000000000000000e+00 1.000000000000000000e+00 0.000000000000000000e+00 0.000000000000000000e+00 9.918180950462213152e-01 1.119776319335198389e+00 9.988649049312851025e-01 2.336470029588516295e-01 4.036258588621910448e-02 -6.040704677173003301e-01 0.000000000000000000e+00
1.000000000000000000e+00 1.000000000000000000e+00 1.000000000000000000e+00 1.000000000000000000e+00 1.000000000000000000e+00 0.000000000000000000e+00 0.000000000000000000e+00 9.796436812952054041e-01 1.077630996168885469e+00 9.879505024081050024e-01 2.166544402793970370e-01 3.900737088839156819e-02 -5.657533860039420937e-01 0.000000000000000000e+00
1.000000000000000000e+00 1.000000000000000000e+00 1.000000000000000000e+00 1.000000000000000000e+00 1.000000000000000000e+00 0.000000000000000000e+00 0.000000000000000000e+00 9.988633705069169810e-01 9.961449256433960731e-01 9.983034159589404544e-01 9.204853125454147689e-01 4.691182618288913808e-02 -5.223773804029485657e-02 0.000000000000000000e+00
1.000000000000000000e+00 1.000000000000000000e+00 1.000000000000000000e+00 1.000000000000000000e+00 1.000000000000000000e+00 0.000000000000000000e+00 0.000000000000000000e+00 1.002218391259293240e+00 1.030325722314576087e+00 1.002351644038462108e+00 9.174925782513229100e-01 4.355193262757883765e-02 -7.372860193320263100e-02 0.000000000000000000e+00
1.000000000000000000e+00 1.000000000000000000e+00 1.000000000000000000e+00 1.000000000000000000e+00 1.000000000000000000e+00 0.000000000000000000e+00 0.000000000000000000e+00 1.006578947834946058e+00 1.048792742389245580e+00 1.007138699749275057e+00 1.006259146941763438e+00 5.188679912437965669e-02 -1.075673591772940973e-02 0.000000000000000000e+00
1.000000000000000000e+00 1.000000000000000000e+00 1.000000000000000000e+00 1.000000000000000000e+00 1.000000000000000000e+00 0.000000000000000000e+00 0.000000000000000000e+00 1.006246861034849172e+00 1.165488159967760451e+00 1.013756789086664556e+00 2.981890913883039063e-01 4.759769904861721468e-02 -6.170341918184533148e-01 0.000000000000000000e+00
1.000000000000000000e+00 1.000000000000000000e+00 1.000000000000000000e+00 1.000000000000000000e+00 1.000000000000000000e+00 0.000000000000000000e+00 0.000000000000000000e+00 9.970396360662290292e-01 1.037369035717707666e+00 9.988722090532871078e-01 1.001645792653860667e+00 5.939837871229503019e-02 -2.145355215943733906e-02 0.000000000000000000e+00
1.000000000000000000e+00 1.000000000000000000e+00 1.000000000000000000e+00 1.000000000000000000e+00 1.000000000000000000e+00 0.000000000000000000e+00 0.000000000000000000e+00 9.991124413243879232e-01 1.081655679521995150e+00 1.006892634224496819e+00 5.789960993939902156e-01 5.322869054158829716e-02 -2.658608402029581930e-01 0.000000000000000000e+00
1.000000000000000000e+00 1.000000000000000000e+00 1.000000000000000000e+00 1.000000000000000000e+00 1.000000000000000000e+00 0.000000000000000000e+00 0.000000000000000000e+00 1.018919914848563701e+00 1.129058482992193690e+00 1.016512259537324825e+00 1.025426920081550008e+00 6.553631182548247391e-02 -2.640365217322693248e-03 0.000000000000000000e+00
1.000000000000000000e+00 1.000000000000000000e+00 1.000000000000000000e+00 1.000000000000000000e+00 1.000000000000000000e+00 0.000000000000000000e+00 0.000000000000000000e+00 1.006235939181621131e+00 1.125830221377089879e+00 1.005057120151007899e+00 1.053083951933058593e+00 6.239386551873216114e-02 -1.173953436702523945e-02 0.000000000000000000e+00
1.000000000000000000e+00 1.000000000000000000e+00 1.000000000000000000e+00 1.000000000000000000e+00 1.000000000000000000e+00 0.000000000000000000e+00 0.000000000000000000e+00 1.016714370946111723e+00 1.098461767601005556e+00 1.014780392067508474e+00 1.031216304297692066e+00 5.929133759225990730e-02 1.705909596208587953e-02 0.000000000000000000e+00
1.000000000000000000e+00 1.000000000000000000e+00 1.000000000000000000e+00 1.000000000000000000e+00 1.000000000000000000e+00 0.000000000000000000e+00 0.000000000000000000e+00 1.019425402495083510e+00 1.109887108564442615e+00 1.018309291223375990e+00 1.054991958965835863e+00 6.275184984257176080e-02 -1.075176714136549805e-02 0.000000000000000000e+00
1.000000000000000000e+00 1.000000000000000000e+00 1.000000000000000000e+00 1.000000000000000000e+00 1.000000000000000000e+00 0.000000000000000000e+00 0.000000000000000000e+00 1.018673768349274589e+00 1.095592065002544802e+00 1.018689023478887457e+00 9.584118611038656699e-01 5.135043706074560177e-02 -5.042548956674353100e-02 0.000000000000000000e+00
1.000000000000000000e+00 1.000000000000000000e+00 1.000000000000000000e+00 1.000000000000000000e+00 1.000000000000000000e+00 0.000000000000000000e+00 0.000000000000000000e+00 1.019459124852854615e+00 1.096275919421021428e+00 1.019833738066209694e+00 9.403102620779560938e-01 5.138537696083600448e-02 -7.880517408075693453e-02 0.000000000000000000e+00
1.000000000000000000e+00 1.000000000000000000e+00 1.000000000000000000e+00 1.000000000000000000e+00 1.000000000000000000e+00 0.000000000000000000e+00 0.000000000000000000e+00 1.019413522582527598e+00 1.163028751162434871e+00 1.026464053931046783e+00 2.757123816413569184e-01 4.460965931865101819e-02 -5.909990125301267661e-01 0.000000000000000000e+00
1.000000000000000000e+00 1.000000000000000000e+00 1.000000000000000000e+00 1.000000000000000000e+00 1.000000000000000000e+00 0.000000000000000000e+00 0.000000000000000000e+00 1.009031884771520948e+00 1.155205026041509875e+00 1.018450023456216824e+00 2.737032383396300617e-01 3.747018776216148872e-02 -5.915614760773759695e-01 0.000000000000000000e+00
1.000000000000000000e+00 1.000000000000000000e+00 1.000000000000000000e+00 1.000000000000000000e+00 1.000000000000000000e+00 0.000000000000000000e+00 0.000000000000000000e+00 1.005162171571793994e+00 1.115197498941749465e+00 1.010248664352938475e+00 2.269963629940574823e-01 4.934483433223224580e-02 -5.732851351356453851e-01 0.000000000000000000e+00
1.000000000000000000e+00 1.000000000000000000e+00 1.000000000000000000e+00 1.000000000000000000e+00 1.000000000000000000e+00 0.000000000000000000e+00 0.000000000000000000e+00 1.015630547473880263e+00 1.139410704583775580e+00 1.019851845407391044e+00 2.285915968880928573e-01 5.785281150391330396e-02 -5.683857229104296582e-01 0.000000000000000000e+00
1.000000000000000000e+00 1.000000000000000000e+00 1.000000000000000000e+00 1.000000000000000000e+00 1.000000000000000000e+00 0.000000000000000000e+00 0.000000000000000000e+00 1.006844091740481062e+00 1.129472817446065314e+00 1.012770475471900467e+00 1.960080511535859660e-01 3.980418942861441156e-02 -5.731900912249178193e-01 0.000000000000000000e+00
1.000000000000000000e+00 1.000000000000000000e+00 1.000000000000000000e+00 1.000000000000000000e+00 1.000000000000000000e+00 0.000000000000000000e+00 0.000000000000000000e+00 1.010382858778762660e+00 1.153311162967444847e+00 1.012729667040798365e+00 4.256557629256751962e-01 1.023371298864278467e-01 -2.862757140913572140e-01 0.000000000000000000e+00
1.000000000000000000e+00 1.000000000000000000e+00 1.000000000000000000e+00 1.000000000000000000e+00 1.000000000000000000e+00 0.000000000000000000e+00 0.000000000000000000e+00 1.008649620637660282e+00 1.078661345274266825e+00 1.012669728222060694e+00 5.074040863251724209e-01 5.714095139498709397e-02 -2.611284596215900367e-01 0.000000000000000000e+00
1.000000000000000000e+00 1.000000000000000000e+00 1.000000000000000000e+00 1.000000000000000000e+00 1.000000000000000000e+00 0.000000000000000000e+00 0.000000000000000000e+00 9.996362266031452171e-01 1.007846486545948883e+00 1.000385346748549509e+00 9.456458580593725127e-01 5.339792328540449162e-02 -2.709130609664489597e-02 0.000000000000000000e+00
1.000000000000000000e+00 1.000000000000000000e+00 1.000000000000000000e+00 1.000000000000000000e+00 1.000000000000000000e+00 0.000000000000000000e+00 0.000000000000000000e+00 1.005428754709622119e+00 1.088361615665708770e+00 1.008595868337701873e+00 4.315481371951247480e-01 8.337523973395755128e-02 -2.570706829424455608e-01 0.000000000000000000e+00
1.000000000000000000e+00 1.000000000000000000e+00 1.000000000000000000e+00 1.000000000000000000e+00 1.000000000000000000e+00 0.000000000000000000e+00 0.000000000000000000e+00 1.000908185873926826e+00 1.121549097166606002e+00 1.005661747130375483e+00 2.094339298002211858e-01 4.639683145804174291e-02 -5.672583409598288551e-01 0.000000000000000000e+00
1.000000000000000000e+00 1.000000000000000000e+00 1.000000000000000000e+00 1.000000000000000000e+00 1.000000000000000000e+00 0.000000000000000000e+00 0.000000000000000000e+00 1.014180826385352008e+00 1.123981120479834894e+00 1.019620091447096755e+00 1.814691814034977424e-01 3.561928514809176161e-02 -5.777573803977238409e-01 0.000000000000000000e+00
1.000000000000000000e+00 1.000000000000000000e+00 1.000000000000000000e+00 1.000000000000000000e+00 1.000000000000000000e+00 0.000000000000000000e+00 0.000000000000000000e+00 9.941104539410208218e-01 9.672682947354357408e-01 9.935857615844349011e-01 9.439620747934833744e-01 4.626622324493556704e-02 -2.881393281932009831e-02 0.000000000000000000e+00
1.000000000000000000e+00 1.000000000000000000e+00 1.000000000000000000e+00 1.000000000000000000e+00 1.000000000000000000e+00 0.000000000000000000e+00 0.000000000000000000e+00 9.947419421925912664e-01 1.084556505180972241e+00 9.936030856678741419e-01 9.750142923667296513e-01 5.127865339825898872e-02 -1.711980347188235552e-02 0.000000000000000000e+00
1.000000000000000000e+00 1.000000000000000000e+00 1.000000000000000000e+00 1.000000000000000000e+00 1.000000000000000000e+00 0.000000000000000000e+00 0.000000000000000000e+00 9.885434862846311788e-01 9.680264123885562455e-01 9.892149158495405770e-01 9.233544729245474203e-01 3.474288073138576127e-02 -6.600612052055265799e-02 0.000000000000000000e+00
1.000000000000000000e+00 1.000000000000000000e+00 1.000000000000000000e+00 1.000000000000000000e+00 1.000000000000000000e+00 0.000000000000000000e+00 0.000000000000000000e+00 9.897718888341987542e-01 9.197254983562955788e-01 9.912993255258555347e-01 9.781210481420116176e-01 2.958507785390862566e-03 2.935107206629783416e-02 0.000000000000000000e+00
